19.18332290649414
25.13408660888672
18.217514038085938
16.55046844482422
29.35565185546875
24.74175262451172
27.16132354736328
33.109073638916016
41.85870361328125
49.513771057128906
21.296070098876953
17.787445068359375
12.990364074707031
18.73129653930664
13.883377075195312
31.218677520751953
36.63621139526367
13.788818359375
15.902973175048828
15.164592742919922
18.501667022705078
6.880847930908203
14.545417785644531
27.322162628173828
12.751056671142578
9.683124542236328
14.043895721435547
12.606853485107422
12.531608581542969
17.98040008544922
22.665191650390625
11.089519500732422
10.748096466064453
12.879043579101562
13.423786163330078
12.250205993652344
12.105476379394531
15.318313598632812
10.70037841796875
8.234535217285156
9.549358367919922
16.375537872314453
18.376686096191406
12.168899536132812
14.11273193359375
13.410472869873047
12.107933044433594
12.235435485839844
12.734298706054688
13.496040344238281
10.24312973022461
7.895709991455078
11.891155242919922
9.052539825439453
10.95831298828125
9.75967788696289
14.345191955566406
10.520439147949219
11.578926086425781
15.427082061767578
13.666511535644531
15.852947235107422
18.44513702392578
14.763439178466797
12.596385955810547
9.956890106201172
14.335529327392578
12.526409149169922
12.875198364257812
12.068115234375
13.143768310546875
9.41183090209961
14.472518920898438
16.71392822265625
11.728851318359375
11.439517974853516
11.241424560546875
21.410030364990234
14.327407836914062
10.975723266601562
14.607086181640625
13.179180145263672
19.465919494628906
16.67444610595703
15.925334930419922
12.5753173828125
15.478240966796875
11.91168212890625
15.64898681640625
10.260276794433594
13.176864624023438
9.821178436279297
18.016162872314453
14.013267517089844
10.163490295410156
16.58211898803711
11.452835083007812
7.511409759521484
15.571479797363281
11.465461730957031
13.161441802978516
14.196617126464844
12.574283599853516
16.73248291015625
9.437389373779297
9.937126159667969
14.688297271728516
12.319503784179688
10.705635070800781
12.729755401611328
13.96860122680664
13.194438934326172
24.140743255615234
13.820426940917969
14.062049865722656
14.6806640625
17.128990173339844
14.07647705078125
18.242847442626953
15.752696990966797
17.637218475341797
11.216251373291016
12.512046813964844
13.64034652709961
17.025074005126953
11.471160888671875
19.078693389892578
14.241996765136719
13.146282196044922
12.766368865966797
11.448501586914062
18.70067596435547
16.452091217041016
12.881305694580078
15.916706085205078
13.099956512451172
16.17965316772461
11.371089935302734
15.475887298583984
16.276844024658203
10.908645629882812
26.446426391601562
11.861747741699219
12.42403793334961
8.62070083618164
17.11246109008789
9.277935028076172
12.539203643798828
8.472137451171875
10.136909484863281
12.924514770507812
12.22943115234375
11.804851531982422
18.055938720703125
12.666614532470703
15.999652862548828
19.58510971069336
11.963855743408203
8.401626586914062
13.852237701416016
12.89693832397461
16.61648178100586
15.099536895751953
12.210895538330078
14.169456481933594
11.081851959228516
13.775936126708984
13.828174591064453
12.50274658203125
11.699817657470703
12.146446228027344
12.333351135253906
9.737056732177734
127.67109298706055
101.16065979003906
67.85869216918945
68.6036376953125
50.91794204711914
27.060588836669922
25.971790313720703
26.70657730102539
12.613780975341797
11.812881469726562
19.923629760742188
12.585857391357422
18.408336639404297
10.450237274169922
11.109928131103516
9.697059631347656
13.447998046875
13.793720245361328
16.228015899658203
12.77767562866211
16.90723419189453
12.985038757324219
14.273380279541016
15.516342163085938
18.564014434814453
20.35181427001953
15.008445739746094
263.4033508300781
146.11533737182617
390.3063735961914
212.42139434814453
146.2097396850586
76.06901550292969
101.91445541381836
71.17756271362305
95.10954284667969
40.12924575805664
100.81266021728516
85.35285186767578
97.32706451416016
45.3790283203125
44.86311721801758
41.11225509643555
32.70429611206055
16.463424682617188
33.87114334106445
21.310791015625
21.57308578491211
23.664569854736328
20.797161102294922
13.773750305175781
26.9842529296875
23.484851837158203
13.187553405761719
16.591506958007812
19.680877685546875
16.838394165039062
14.935096740722656
17.43798828125
16.509449005126953
22.298202514648438
26.045177459716797
22.86355972290039
29.07944107055664
26.02159881591797
23.932720184326172
24.725852966308594
19.482135772705078
25.648284912109375
15.305610656738281
19.311904907226562
25.420162200927734
30.434024810791016
20.121204376220703
32.162845611572266
66.30660247802734
37.08774185180664
29.618385314941406
44.43517303466797
41.84857177734375
24.18576431274414
20.645172119140625
17.595355987548828
24.765445709228516
20.64803695678711
27.183372497558594
18.630081176757812
14.16762924194336
20.33260726928711
19.160564422607422
27.621227264404297
22.16138458251953
16.07818603515625
14.161247253417969
16.55585479736328
19.169452667236328
49.96337127685547
49.641258239746094
33.265995025634766
15.700214385986328
16.292041778564453
18.724273681640625
18.5211181640625
15.457847595214844
10.243499755859375
9.13669204711914
10.093017578125
15.00762939453125
10.657875061035156
22.873939514160156
14.329315185546875
63.666297912597656
21.09322738647461
31.317718505859375
37.851539611816406
27.166118621826172
17.978103637695312
18.66738510131836
22.218658447265625
69.92320251464844
52.48396301269531
35.377105712890625
30.861740112304688
33.035369873046875
40.552188873291016
26.286293029785156
29.595115661621094
28.07833480834961
23.629798889160156
23.952045440673828
18.127140045166016
14.863143920898438
18.678977966308594
19.55982208251953
18.513736724853516
97.24555206298828
140.23663711547852
103.8019790649414
82.34418487548828
108.41265487670898
164.05726623535156
367.99343490600586
640.1428451538086
1332.5213012695312
2508.228355407715
2900.10546875
3060.6558380126953
4681.644592285156
7163.905490875244
10964.161666870117
18755.009120941162
25021.404621124268
27589.288803100586
24782.42957687378
49305.669677734375
37983.06338882446
62055.98889160156
82627.88488769531
68784.90705490112
46821.748462677
30554.71976852417
22771.799991607666
20138.769130706787
19589.21092224121
17245.20578765869
13710.436389923096
11068.888092041016
6228.514995574951
3534.728057861328
2466.349506378174
1106.5788688659668
470.3124465942383
455.0580139160156
379.52465438842773
491.1595993041992
329.0284233093262
221.2230224609375
219.45737075805664
158.98875045776367
121.55181884765625
70.40065383911133
63.27837371826172
61.9825553894043
42.58625793457031
45.40898895263672
38.47441864013672
41.35108947753906
22.11370086669922
40.43120193481445
32.517459869384766
36.37016677856445
25.71279525756836
23.060009002685547
17.393779754638672
27.15628433227539
40.60092544555664
26.757396697998047
15.742294311523438
15.121047973632812
14.397163391113281
20.481891632080078
12.675743103027344
20.53091049194336
22.837963104248047
16.31291961669922
12.39932632446289
8.909187316894531
12.439804077148438
10.318470001220703
18.389965057373047
19.931076049804688
17.053447723388672
21.84728240966797
12.005237579345703
15.752552032470703
14.941719055175781
13.482421875
12.80997085571289
12.952011108398438
15.499889373779297
14.337181091308594
10.124061584472656
17.592628479003906
14.282669067382812
31.833518981933594
20.608009338378906
62.364479064941406
101.1258316040039
202.99353408813477
365.5389404296875
385.7490043640137
3959.0643615722656
8232.974800109863
12465.107887268066
8859.386585235596
7405.118320465088
20690.737468719482
23456.551193237305
14199.491119384766
11167.550468444824
4866.112102508545
472.0717353820801
99.66938018798828
87.98031997680664
111.50513458251953
83.12068939208984
107.02952194213867
132.26337051391602
160.28887557983398
492.48326110839844
19681.723072052002
82475.48009109497
38976.53475189209
56977.069763183594
55017.41293334961
58502.563247680664
55602.02694320679
62948.60093688965
49988.92634963989
31688.626792907715
36043.26161956787
21397.749282836914
18785.457790374756
40339.893615722656
7365.478126525879
16188.890338897705
24602.111263275146
20628.962928771973
8014.847625732422
5516.468593597412
3405.0213165283203
4235.551704406738
2822.317150115967
3229.705425262451
3268.7256202697754
4342.625930786133
3759.258460998535
3511.2252082824707
2359.3023414611816
2727.641128540039
2560.01554107666
4028.227039337158
4803.264759063721
7049.53120803833
6253.024078369141
5739.760444641113
4296.931140899658
3757.217540740967
3674.026096343994
2961.446502685547
2322.5200691223145
1873.4202041625977
2159.0310096740723
2615.448211669922
2692.4881553649902
2500.9987144470215
1756.1442565917969
956.0698280334473
363.2707939147949
34.96003341674805
4.951961517333984
3.3608169555664062
1.9833259582519531
2.9775466918945312
3.0469436645507812
2.133777618408203
2.7674102783203125
1.2942008972167969
1.1766090393066406
1.1020622253417969
1.6412429809570312
1.6915740966796875
1.2511062622070312
1.9577903747558594
1.3328971862792969
0.9866409301757812
1.8999252319335938
0.9188766479492188
1.0623359680175781
1.2980232238769531
1.9579505920410156
1.0867805480957031
1.2677764892578125
1.5603828430175781
1.3600883483886719
0.7108306884765625
0.937591552734375
1.3206291198730469
1.6705398559570312
0.9279632568359375
1.3564910888671875
1.1379776000976562
1.4276504516601562
0.906646728515625
1.7594223022460938
1.0573310852050781
1.6270256042480469
1.2936859130859375
0.9349365234375
1.4219589233398438
1.2390823364257812
1.2149314880371094
1.2081756591796875
1.4256134033203125
1.1951026916503906
4.758464813232422
45.325626373291016
269.64806365966797
1028.5392608642578
2330.258056640625
3696.7049522399902
4327.257549285889
5110.309959411621
7190.40767288208
7520.189907073975
7769.687278747559
7631.855606079102
3371.963764190674
1793.8465957641602
1385.9260559082031
901.0918426513672
1723.9719429016113
290.94679260253906
30.060134887695312
31.570175170898438
32.11790084838867
51.66904067993164
36.24429702758789
36.589962005615234
22.781768798828125
19.81277847290039
36.219444274902344
52.94388961791992
612.6623458862305
583.0915222167969
1354.4620895385742
7770.678699493408
36495.39121246338
49127.31830215454
45581.8274230957
39623.86054992676
27256.993354797363
13388.174701690674
7277.796237945557
9686.915523529053
15126.84453201294
15368.139125823975
13198.829524993896
9365.716793060303
8085.793376922607
7411.713180541992
5118.053203582764
1742.0681190490723
1018.2222290039062
629.9779930114746
234.5931167602539
142.07848739624023
170.5825538635254
102.75539779663086
121.31795501708984
90.82688903808594
89.72965621948242
189.81354904174805
34.244789123535156
87.17752456665039
63.05757522583008
55.8251953125
20.866878509521484
36.535240173339844
13.232479095458984
8.824108123779297
13.640289306640625
8.559280395507812
8.23488998413086
9.339508056640625
7.506702423095703
