3.411304473876953
1.9021797180175781
1.8743896484375
0.843536376953125
1.620452880859375
2.949848175048828
1.4571990966796875
1.5500297546386719
1.943695068359375
1.0087051391601562
2.685985565185547
1.661224365234375
1.2983055114746094
2.18170166015625
1.6193695068359375
0.7150917053222656
2.8931198120117188
2.9443626403808594
2.7539215087890625
7.019172668457031
0.6812629699707031
2.1349449157714844
2.5863075256347656
13.436260223388672
32.98823928833008
14.784793853759766
1.3633384704589844
15.65549087524414
8.53768539428711
9.550174713134766
12.330425262451172
4.9316558837890625
4.5791015625
7.597648620605469
3.3903541564941406
5.260017395019531
1.8130302429199219
2.0173377990722656
10.017532348632812
4.945465087890625
3.0605239868164062
4.561298370361328
4.596534729003906
1.3478126525878906
4.1859893798828125
2.7708587646484375
2.097614288330078
2.984813690185547
1.8814773559570312
0.9459915161132812
2.7236557006835938
6.96002197265625
4.8820953369140625
4.732383728027344
2.1449966430664062
2.8346595764160156
5.200279235839844
2.696849822998047
4.778232574462891
2.5025634765625
4.879844665527344
3.6047286987304688
3.4213027954101562
9.804725646972656
2.012420654296875
1.8710861206054688
2.391407012939453
2.1610794067382812
3.9314651489257812
2.3990402221679688
3.554656982421875
2.739917755126953
3.164501190185547
3.9472808837890625
3.0865440368652344
5.893791198730469
7.086021423339844
5.136539459228516
10.19272232055664
24.015819549560547
17.902034759521484
16.125659942626953
10.126670837402344
9.949546813964844
11.815509796142578
15.551513671875
9.07180404663086
9.651508331298828
14.642345428466797
113.8954086303711
424.48786544799805
2053.5545806884766
10134.377826690674
21273.830966949463
99746.66511917114
108986.16891479492
102766.95959854126
112550.60707092285
107390.35671234131
81289.30556106567
40849.2900352478
13826.623863220215
2625.075782775879
2787.6693000793457
3606.5875282287598
2948.6605949401855
1684.5608215332031
7383.666767120361
21026.168380737305
12826.00357055664
15413.189041137695
5705.283279418945
1652.1728401184082
376.32736587524414
419.5205192565918
662.3666954040527
345.71480560302734
3858.740524291992
6129.1974449157715
6661.984619140625
3620.7903022766113
3215.780559539795
4213.791919708252
11439.132007598877
15678.617832183838
6868.60404586792
4650.942707061768
812.5507278442383
1027.5998420715332
1802.904384613037
1787.768699645996
1406.6624488830566
350.13976669311523
4092.671329498291
7927.0007400512695
8982.850051879883
12775.822704315186
10066.329456329346
4717.279392242432
716.6414566040039
855.100284576416
872.2809867858887
6177.933162689209
11957.142555236816
20260.48264312744
16450.656944274902
18497.012172698975
6798.091110229492
1239.7574424743652
356.4495315551758
503.8608207702637
5363.0463943481445
11542.935775756836
35881.68836975098
44798.391132354736
39236.928760528564
28149.06555557251
18164.489894866943
18607.016967773438
11764.94826889038
9601.143829345703
4956.844383239746
2517.8760719299316
593.758129119873
193.48167419433594
77.37178421020508
50.98249435424805
21.31609344482422
17.648048400878906
13.011730194091797
11.508209228515625
3.8277435302734375
