0.0555419921875
0.0151519775390625
0.039051055908203125
0.06646347045898438
0.3113594055175781
0.3463706970214844
0.14159011840820312
0.07652664184570312
0.0558319091796875
0.013813018798828125
0.026500701904296875
0.067291259765625
0.02080535888671875
0.00725555419921875
0.04627227783203125
0.00057220458984375
0.000888824462890625
0.17467117309570312
0.1036834716796875
0.077545166015625
0.13587188720703125
0.13015365600585938
0.0555572509765625
0.035274505615234375
0.0281524658203125
0.060955047607421875
0.06560134887695312
0.02536773681640625
0.01412200927734375
0.015056610107421875
0.050418853759765625
0.08099365234375
0.10575103759765625
0.028621673583984375
0.025409698486328125
0.08317184448242188
0.056491851806640625
0.02036285400390625
0.11723709106445312
0.1185760498046875
0.015735626220703125
0.0252838134765625
0.022899627685546875
0.022480010986328125
0.025081634521484375
0.030796051025390625
0.029178619384765625
0.011962890625
0.05683135986328125
0.10239791870117188
0.16217422485351562
0.14975357055664062
0.075408935546875
0.02567291259765625
0.014415740966796875
0.031330108642578125
0.0531768798828125
0.044830322265625
0.060123443603515625
0.06729888916015625
0.11138916015625
0.04925537109375
0.024433135986328125
0.029632568359375
0.054836273193359375
0.07246780395507812
0.037952423095703125
0.004978179931640625
0.011791229248046875
0.0178985595703125
0.050609588623046875
0.040966033935546875
0.05957794189453125
0.03284454345703125
0.028446197509765625
0.026844024658203125
0.011760711669921875
0.007572174072265625
0.051815032958984375
0.06226348876953125
0.059169769287109375
0.14597702026367188
0.10091781616210938
0.08873367309570312
0.0648345947265625
0.007236480712890625
0.016933441162109375
0.021930694580078125
0.06124114990234375
0.043323516845703125
0.010982513427734375
0.01035308837890625
0.011623382568359375
0.016185760498046875
0.014698028564453125
0.00839996337890625
0.008495330810546875
0.007110595703125
0.021831512451171875
0.018123626708984375
0.031757354736328125
2.1163368225097656
16.66604995727539
8.795333862304688
0.5473213195800781
0.004413604736328125
0.29364013671875
0.31377410888671875
0.00916290283203125
0.009143829345703125
0.015651702880859375
0.035915374755859375
0.08229446411132812
0.14962387084960938
0.08751678466796875
0.04498291015625
0.09418869018554688
0.11415863037109375
0.18108367919921875
2.3043174743652344
3381.4650230407715
154180.99142837524
193155.48669052124
194576.44495010376
200928.37450790405
206034.4262084961
191894.44552993774
204550.85470962524
193670.71015548706
206865.6720314026
206155.07750701904
208201.62185287476
210487.2971343994
209989.91075515747
197749.42890548706
188360.75994110107
187014.81298065186
185422.3242263794
181719.092086792
188514.49075317383
187385.7063407898
189014.59216308594
206801.3945503235
216900.55136108398
214901.31042099
201284.84085083008
183046.31997680664
186389.5722579956
176000.74479293823
186438.06267166138
211244.89196777344
205186.780128479
200091.8461303711
228392.48545837402
229939.07445907593
213529.80910873413
215215.53303909302
203882.1591796875
201517.52351760864
205643.8229789734
195654.75806045532
189754.4945411682
178756.40957641602
159851.52616882324
133189.93732452393
97431.2511062622
69434.50601577759
27676.486820220947
19349.13291168213
11565.747928619385
9219.121559143066
4881.080051422119
2413.300952911377
561.8512153625488
66.39784622192383
76.1041374206543
38.821563720703125
7.252960205078125
2.2054100036621094
1.0623054504394531
0.5750350952148438
0.38079071044921875
0.3010139465332031
0.17298507690429688
0.173919677734375
0.16539382934570312
0.12865447998046875
0.16427230834960938
0.1839447021484375
0.09167098999023438
0.07508087158203125
0.03275299072265625
0.021358489990234375
0.01998138427734375
0.07662582397460938
0.09336471557617188
0.4308280944824219
0.060955047607421875
0.01287078857421875
0.1779022216796875
0.11541366577148438
0.00254058837890625
0.0036163330078125
0.004550933837890625
0.009899139404296875
0.01915740966796875
0.02008819580078125
0.12316513061523438
0.1425628662109375
0.11971664428710938
0.13399505615234375
0.093414306640625
0.11470413208007812
0.09979629516601562
0.2934074401855469
0.20203018188476562
0.22210693359375
0.1144866943359375
0.11381149291992188
0.16265106201171875
0.1934051513671875
0.21828842163085938
0.11768341064453125
0.07272720336914062
0.042575836181640625
0.06476974487304688
0.07857894897460938
0.21770858764648438
0.2500801086425781
0.3118705749511719
0.2747230529785156
0.19964981079101562
0.21391677856445312
0.2151031494140625
0.15523147583007812
0.38890838623046875
1.1794700622558594
369.78005599975586
47917.10283279419
106548.0316619873
143013.8942375183
124667.8459777832
125431.26194763184
173006.3805809021
167399.47730636597
188254.71056747437
207620.63187408447
205292.88024139404
196812.0182876587
183819.57431411743
172808.72052764893
184849.14893722534
202201.62396240234
208772.42594146729
206274.74362945557
205550.21101760864
204274.8463897705
208432.34870147705
210255.26613616943
213109.4833908081
215002.20693206787
219582.3312110901
227319.11836242676
215770.61441802979
219646.23249053955
223619.91745758057
221487.2250289917
219510.94984436035
214761.06706619263
216694.59286117554
215524.59131240845
216882.24940872192
220897.72386169434
226264.82285690308
221913.52161026
212804.4229850769
222740.32916259766
211621.65956878662
214540.07093429565
214639.12324523926
200160.48595428467
201259.05670547485
210722.22079086304
211541.61562347412
200818.71518325806
195293.81703186035
200146.9683113098
192812.1925201416
183429.88918685913
179533.04559326172
176016.92128372192
163022.323513031
161411.45847320557
142301.72134399414
118200.84219360352
119212.114818573
91597.97536468506
56718.587562561035
17218.703678131104
15211.53974533081
4730.056385040283
701.3330688476562
427.9756278991699
183.30794143676758
41.01335144042969
28.365116119384766
18.105697631835938
6.570625305175781
5.675296783447266
3.3975181579589844
1.9723663330078125
1.3332557678222656
0.852783203125
0.7644882202148438
0.5807228088378906
0.2895698547363281
0.25083160400390625
0.17844009399414062
0.38671875
0.46886444091796875
0.3767967224121094
0.23633575439453125
0.039859771728515625
0.08097457885742188
0.07720947265625
0.13775253295898438
0.15385818481445312
0.1314544677734375
0.469512939453125
0.6175994873046875
0.3265380859375
0.34008026123046875
0.22234725952148438
0.28379058837890625
0.28034210205078125
0.3817481994628906
0.5593643188476562
0.9170913696289062
0.909393310546875
0.8454971313476562
1.2996368408203125
0.7513923645019531
0.27042388916015625
0.43126678466796875
0.3779182434082031
0.1981048583984375
0.09174728393554688
0.014556884765625
0.040103912353515625
0.05327606201171875
0.012119293212890625
0.032318115234375
0.025638580322265625
0.0372161865234375
0.025066375732421875
0.10239791870117188
0.062480926513671875
0.02530670166015625
0.0960845947265625
0.09613418579101562
0.03360748291015625
0.0269317626953125
0.0045928955078125
0.012882232666015625
0.0099334716796875
0.00705718994140625
0.04082489013671875
0.1108551025390625
0.032817840576171875
0.035541534423828125
0.025238037109375
0.20753860473632812
0.7096290588378906
3084.026081085205
7039.61706161499
10888.58169555664
16717.772617340088
17731.95444869995
26408.217823028564
30681.026390075684
29640.103141784668
30527.79888534546
30358.412593841553
32163.857578277588
38143.963066101074
33820.64278411865
34427.49922180176
39259.800998687744
40675.26139450073
44159.712059020996
47631.4429397583
59078.002323150635
63874.79642486572
72910.8175201416
70841.62363815308
77390.51051330566
98468.95797729492
100156.74973297119
78540.09306335449
85650.65254592896
83864.60726547241
87187.80961990356
91453.76569747925
111110.18836212158
120085.4981765747
117451.9508934021
119961.74545669556
117889.1430053711
114222.54448699951
116377.54929351807
126676.72885894775
137800.5858039856
143786.07871627808
135978.82110977173
132480.23614120483
142324.19464111328
144094.6891937256
125755.08150100708
133403.38763809204
133471.42789459229
135691.66856384277
130475.6325263977
140711.4506263733
136155.34804153442
147434.1217918396
137192.44232177734
125661.42930603027
117377.84981918335
112067.9670677185
121248.99555206299
124401.23790740967
121392.01132583618
117792.00549316406
104919.13935852051
92204.49521636963
73828.10094833374
60290.18988800049
48449.656646728516
48929.04556274414
37023.53776168823
17864.612350463867
8437.084579467773
4051.08935546875
1695.1608238220215
386.2629699707031
119.36763381958008
66.28446197509766
37.48903274536133
8.574165344238281
3.5410804748535156
1.6289596557617188
0.9678993225097656
1.0258941650390625
1.2151374816894531
0.8973503112792969
0.4375190734863281
0.24167251586914062
0.22589874267578125
0.17960357666015625
0.5124053955078125
0.4535179138183594
0.20470809936523438
0.14046859741210938
0.039241790771484375
0.2624969482421875
0.2763786315917969
0.17998886108398438
0.14008331298828125
0.05448150634765625
0.08838653564453125
0.11613845825195312
0.292022705078125
0.4025154113769531
0.529571533203125
0.2738914489746094
0.10679244995117188
0.07428741455078125
0.1295623779296875
0.0961151123046875
0.09563827514648438
0.069976806640625
0.059986114501953125
0.059062957763671875
0.053485870361328125
0.03891754150390625
0.027889251708984375
0.0061798095703125
0.033016204833984375
0.039852142333984375
0.052501678466796875
0.06367874145507812
0.1128997802734375
0.1024169921875
0.04769134521484375
0.075439453125
0.050334930419921875
0.006412506103515625
0.013339996337890625
0.010196685791015625
0.004901885986328125
0.007659912109375
0.31667327880859375
3.1347198486328125
3966.3117866516113
22566.740634918213
29325.593730926514
39554.81922912598
57539.123878479004
55379.57158279419
69569.91235733032
85460.07424926758
86048.17679214478
91254.7078781128
81181.06510162354
73581.84972763062
72590.36186599731
76915.95078277588
77530.02257537842
79351.20258331299
80774.3833732605
82464.77293395996
81499.34700012207
79001.59881973267
74674.0724029541
77163.01307678223
80074.58834075928
82167.15948104858
84361.0263633728
82029.29962921143
84624.7922706604
82547.24304580688
80362.34897232056
79847.47813796997
80714.5700263977
82887.33920669556
83214.19360351562
76018.91223144531
74252.76105880737
69197.42456054688
67197.49156570435
65625.82306289673
64525.10154724121
66745.91845703125
69497.58212280273
66993.71687316895
68100.12238311768
68888.13179397583
68464.99862670898
67333.86811828613
62967.79051208496
59968.72515487671
60599.16397476196
61407.99179840088
60237.346336364746
57492.59432601929
55731.21364212036
50373.97746658325
48559.79204940796
40904.18266296387
37451.97393035889
32368.61034011841
28644.418159484863
24798.217742919922
22574.351928710938
19236.38454437256
11611.659114837646
3258.535572052002
292.7382583618164
45.51762771606445
28.118263244628906
22.351619720458984
5.5579071044921875
0.4746513366699219
0.6584014892578125
0.6546173095703125
0.20615005493164062
0.0128936767578125
0.17408370971679688
0.4429817199707031
0.94805908203125
0.3307838439941406
0.09119796752929688
0.023502349853515625
0.02854156494140625
0.0518798828125
0.06878280639648438
0.045848846435546875
0.011631011962890625
0.007472991943359375
0.01813507080078125
0.07049179077148438
0.0854644775390625
0.02425384521484375
0.015064239501953125
0.03711700439453125
0.0547332763671875
0.071319580078125
0.0232696533203125
0.029392242431640625
0.0626373291015625
0.039447784423828125
0.023387908935546875
0.052410125732421875
0.05764007568359375
0.015750885009765625
0.013408660888671875
0.009033203125
0.0466766357421875
0.07809829711914062
0.0650177001953125
0.05944061279296875
0.035182952880859375
0.00595855712890625
0.00836944580078125
0.005825042724609375
0.007843017578125
0.01297760009765625
0.05368804931640625
0.349151611328125
1.3971595764160156
139.05738830566406
16125.275909423828
25410.205448150635
29637.19961166382
35857.27382659912
36920.76602554321
37979.38988494873
38726.83129501343
43150.613498687744
47731.670501708984
51093.387550354004
50980.95700454712
51393.05646133423
51729.88543319702
51371.09391403198
52325.702014923096
51981.58186340332
50870.68842315674
51715.13156890869
52736.49967956543
53985.99528884888
55995.71935272217
57275.452056884766
57361.28471374512
58670.790493011475
59401.56923675537
59375.89631271362
58222.391860961914
58740.99636077881
58184.09292984009
59736.212493896484
61534.45874786377
62647.18350982666
61931.54035568237
60822.3950920105
59807.170501708984
59834.563777923584
61727.04926300049
62441.74618911743
60437.489948272705
61087.878635406494
59873.096603393555
58844.99168395996
60015.76706314087
59655.28659439087
60042.23321914673
62480.001388549805
63050.52013397217
62832.305572509766
62934.80319976807
62287.55722808838
60724.97340774536
58167.367778778076
57895.67617034912
57535.34094238281
59130.66788864136
58992.5725479126
55853.39233779907
52585.75749206543
50520.26978302002
45213.596450805664
40053.57442855835
34022.37113189697
29406.597259521484
28215.29775238037
28816.53054046631
20647.858917236328
8501.120342254639
3548.1275520324707
1016.9615516662598
110.06731033325195
19.806751251220703
22.998836517333984
20.02077865600586
11.166351318359375
6.748374938964844
8.997455596923828
9.494697570800781
11.56137466430664
9.552478790283203
5.610256195068359
4.786338806152344
2.705005645751953
2.0776824951171875
1.623291015625
0.9645538330078125
1.2297630310058594
1.3312225341796875
0.9434051513671875
0.7668418884277344
0.6105613708496094
1.0134468078613281
1.0885772705078125
0.7701225280761719
0.8462486267089844
1.0166893005371094
0.738494873046875
0.456146240234375
0.6837882995605469
1.1119155883789062
0.8681488037109375
0.898651123046875
0.9048271179199219
0.3578224182128906
0.1837921142578125
0.09425735473632812
0.03057861328125
0.030185699462890625
0.16908645629882812
0.21633529663085938
0.13927841186523438
0.24541854858398438
0.15176010131835938
0.11434173583984375
0.089019775390625
0.051136016845703125
0.098785400390625
0.11582183837890625
0.3048095703125
0.1840972900390625
0.07742691040039062
0.17969131469726562
0.17559814453125
0.194915771484375
0.15712738037109375
0.16654205322265625
0.9942665100097656
103.19232559204102
15332.712020874023
40957.90309524536
50894.84393310547
68335.93845367432
80554.42157363892
96056.77362442017
122256.54591751099
132121.34899139404
128362.04153060913
146842.47411727905
163308.65363311768
160398.50728988647
169950.35054016113
177026.65504455566
170389.84756469727
173332.56810379028
171080.73303985596
169870.49461746216
161265.72537994385
154154.27573394775
151922.41025161743
147793.4503440857
142712.6456565857
145732.52745056152
146855.32640457153
154422.24616622925
148119.06814956665
145671.5133972168
136745.7614555359
138145.3939552307
128825.36320495605
130904.073097229
119633.64142227173
115974.21538543701
114225.07387161255
114414.47283554077
114816.0997467041
125116.77658843994
119204.1925201416
114825.52026748657
107912.77424240112
102728.52339553833
99318.37131881714
99098.81094741821
100964.28447723389
103261.57767868042
101789.16227340698
99802.25466156006
100633.71658325195
98498.62656784058
106030.61846160889
100966.42049407959
98713.83507919312
96518.58871459961
93937.21772003174
77239.26099777222
62437.014629364014
56452.813579559326
52521.107986450195
33339.567600250244
10660.066715240479
3083.273178100586
836.1445693969727
187.8095474243164
71.6151008605957
55.557186126708984
10.384544372558594
3.5807342529296875
1.642333984375
1.3127517700195312
0.6060638427734375
0.8211250305175781
0.9503936767578125
0.9201507568359375
0.4828529357910156
0.19767379760742188
0.12690353393554688
0.07105255126953125
0.12110519409179688
0.2615203857421875
0.3759422302246094
0.396392822265625
0.4472999572753906
0.39556121826171875
0.5330810546875
0.3880043029785156
0.3287811279296875
0.28753662109375
0.11688232421875
0.06475830078125
0.038494110107421875
0.021648406982421875
0.04461669921875
0.05326080322265625
0.08065414428710938
0.07647323608398438
0.1334228515625
0.13268280029296875
0.13608169555664062
0.0468292236328125
0.01552581787109375
0.030315399169921875
0.053432464599609375
0.05886077880859375
0.0638885498046875
0.07888412475585938
0.19858169555664062
0.1635284423828125
0.08710861206054688
0.13051986694335938
0.08924102783203125
0.23370742797851562
0.10795211791992188
0.007381439208984375
0.10716629028320312
0.11467742919921875
0.015781402587890625
0.022106170654296875
0.02701568603515625
0.055957794189453125
0.054004669189453125
0.0751495361328125
0.107208251953125
0.10105514526367188
0.11254501342773438
0.12543106079101562
0.12642288208007812
0.1106719970703125
0.03900909423828125
0.18637847900390625
0.18547439575195312
0.017551422119140625
0.018154144287109375
0.003353118896484375
0.010562896728515625
0.004734039306640625
