42.035526275634766
37.428192138671875
60.600929260253906
32.27619934082031
30.75534439086914
23.808914184570312
40.943477630615234
27.646312713623047
22.139427185058594
35.856468200683594
61.463104248046875
24.95580291748047
345.69508361816406
536.1767997741699
1332.2931480407715
2046.7458457946777
2723.6847610473633
2962.412178039551
2689.829544067383
4464.778961181641
4770.027614593506
5225.441070556641
5696.83988571167
6648.485408782959
5950.721332550049
7850.746128082275
8358.562454223633
8564.957908630371
8081.314292907715
7705.553562164307
9856.643100738525
10080.828548431396
6941.688591003418
4708.041793823242
5272.395160675049
4805.998287200928
4383.196155548096
2818.402599334717
2095.652992248535
1210.1279602050781
679.3869400024414
871.234073638916
354.17094802856445
149.2190399169922
98.95753479003906
175.89228439331055
102.68547058105469
63.700042724609375
69.28759384155273
41.34414291381836
78.08478164672852
89.64685440063477
54.80583572387695
67.73949432373047
66.73746871948242
85.24658584594727
975.3615570068359
1883.8827285766602
4376.563373565674
3929.504238128662
3454.9283714294434
1863.2822723388672
1027.9908828735352
1209.1086044311523
603.0000038146973
1458.8970375061035
3602.9395065307617
7106.723365783691
7456.56254196167
4595.510051727295
7799.457759857178
7893.170642852783
8830.619110107422
6956.413246154785
6322.722457885742
6742.33948135376
4963.253868103027
1854.686809539795
1864.9269104003906
1225.696086883545
1059.0533409118652
1596.110782623291
828.5513458251953
528.3842849731445
210.86061096191406
648.3522987365723
215.21660995483398
272.73263931274414
118.2897834777832
115.32868957519531
70.37749862670898
61.55558776855469
62.290042877197266
31.818199157714844
25.112342834472656
25.330596923828125
239.64208602905273
436.46435165405273
901.7249794006348
629.6518363952637
613.8561325073242
1009.8789901733398
936.4565048217773
1308.5176162719727
1214.987133026123
850.7441215515137
1339.4818115234375
791.0391464233398
1441.441261291504
1428.4191131591797
1450.5136604309082
1840.5127143859863
994.3866386413574
1588.9872398376465
1069.2810325622559
872.8911552429199
1230.7111854553223
751.5627174377441
1305.093921661377
956.5399131774902
978.7693252563477
1068.2304916381836
896.4042625427246
1253.55517578125
670.2330513000488
1147.071922302246
859.0868072509766
796.8583755493164
665.5817680358887
561.0353736877441
608.3692855834961
285.7143249511719
390.57806396484375
201.01258850097656
95.07062149047852
71.27561950683594
65.86306762695312
63.91497802734375
42.75812530517578
98.45169448852539
1479.3450469970703
2602.269630432129
2490.1665229797363
2301.303192138672
2618.5144996643066
2929.8740158081055
2163.1586532592773
1706.1088600158691
694.0627174377441
504.2978096008301
185.64473724365234
95.73193359375
110.47383117675781
654.4336967468262
1976.5810890197754
1639.7443733215332
2339.8147888183594
2275.047805786133
1997.2688331604004
3116.1614570617676
2485.9716873168945
2816.4130630493164
2361.8540802001953
2240.873752593994
3064.8883514404297
2295.0069122314453
1994.7166023254395
1320.1541938781738
1903.1855392456055
1204.479148864746
1168.8599739074707
396.7021064758301
429.77235412597656
340.3529052734375
165.69078826904297
131.22951889038086
55.349979400634766
31.155811309814453
39.84074020385742
51.92160415649414
20.613624572753906
20.948150634765625
23.055152893066406
14.657371520996094
24.972946166992188
21.167884826660156
16.38068389892578
18.778057098388672
18.130390167236328
12.98983383178711
21.13220977783203
27.579071044921875
112.40818405151367
47.09313201904297
32.17473602294922
45.60912322998047
13.625190734863281
16.30040740966797
123.3221321105957
894.0060768127441
1140.7175025939941
1043.1344413757324
529.2387580871582
354.6460266113281
441.85318756103516
974.736156463623
2228.233943939209
3286.811782836914
4946.912784576416
6879.081100463867
9894.364364624023
5735.393352508545
7011.074199676514
6008.15198135376
3390.0810890197754
1487.726707458496
2398.3373832702637
11378.674404144287
11646.069133758545
9923.437042236328
8573.044456481934
7007.768474578857
5578.5220375061035
3416.486789703369
2880.953525543213
5087.40446472168
6958.067989349365
7940.934471130371
9597.295978546143
9434.251873016357
8093.89294052124
2663.9883308410645
1265.3703498840332
485.76786041259766
108.17090225219727
186.35549926757812
427.4911079406738
273.43624114990234
266.59703063964844
87.10652542114258
22.698623657226562
28.626663208007812
34.827667236328125
39.25609588623047
20.917449951171875
34.46586227416992
18.016586303710938
21.658794403076172
31.071552276611328
17.274795532226562
25.095569610595703
15.871654510498047
18.451148986816406
9.01601791381836
9.072513580322266
13.122474670410156
8.883853912353516
17.373855590820312
16.53235626220703
18.912799835205078
13.52386474609375
14.72634506225586
6.932086944580078
18.64775848388672
14.582572937011719
18.369125366210938
9.394390106201172
11.282447814941406
29.46062469482422
16.113754272460938
11.83395767211914
16.16115951538086
16.648815155029297
29.42361068725586
13.493968963623047
15.250812530517578
31.67315673828125
486.9726104736328
334.24636459350586
777.0666427612305
793.4130401611328
828.0056228637695
871.1682281494141
805.5058403015137
724.343074798584
530.2930641174316
576.0081329345703
499.727840423584
485.0343818664551
343.3796844482422
201.60263061523438
275.8310775756836
101.59154891967773
51.61502456665039
28.422054290771484
35.21258544921875
37.86600112915039
32.796695709228516
29.810848236083984
58.18565368652344
21.556262969970703
29.044700622558594
33.55759048461914
15.366592407226562
27.427379608154297
25.056949615478516
12.020923614501953
29.403324127197266
16.00164031982422
13.462074279785156
13.784759521484375
18.668548583984375
25.851104736328125
12.792800903320312
14.306808471679688
22.72797393798828
12.226646423339844
18.234046936035156
138.81836700439453
1093.8860969543457
1499.8027153015137
1505.0089874267578
794.8926963806152
1156.0042762756348
1093.5600700378418
1369.0098495483398
1240.520175933838
1296.300895690918
674.6926345825195
783.8220596313477
475.67512130737305
759.6063537597656
775.0505218505859
1125.479736328125
1012.3305587768555
573.7916069030762
497.13666915893555
421.6831474304199
212.63191604614258
90.19329071044922
30.664325714111328
33.8341064453125
31.081283569335938
22.699893951416016
32.20257568359375
20.125324249267578
15.94476318359375
11.000396728515625
10.386768341064453
10.553962707519531
11.83884048461914
30.645084381103516
18.085002899169922
114.09557342529297
93.51251602172852
48.453086853027344
40.66250991821289
51.13742446899414
352.94551849365234
178.01104354858398
344.24920654296875
265.23645782470703
685.5856094360352
1742.7538452148438
1375.2779579162598
1909.6008186340332
1212.67240524292
1204.1635055541992
721.2222938537598
500.64876556396484
1459.9449462890625
1612.0192184448242
1559.967544555664
1422.6002922058105
2333.0056076049805
3279.4494247436523
2440.496551513672
2694.8380165100098
2916.8599815368652
1729.195972442627
1152.9287185668945
619.5187339782715
478.3789749145508
313.11022567749023
357.90843200683594
690.1453437805176
844.5452919006348
517.6750640869141
835.574333190918
724.1141586303711
379.8222427368164
236.2587547302246
73.8814811706543
144.58185958862305
42.97955322265625
24.332130432128906
16.475200653076172
23.408443450927734
22.19448471069336
21.094970703125
19.58502960205078
24.45050048828125
12.401412963867188
17.2200927734375
14.040599822998047
13.296119689941406
10.219135284423828
28.154857635498047
156.90345001220703
361.7963104248047
525.8845634460449
414.4773063659668
454.17598724365234
582.0391845703125
470.9145851135254
657.0884742736816
1364.4709930419922
1517.7195663452148
2396.209358215332
2998.710548400879
1655.8377418518066
1023.7902374267578
1032.7453155517578
1520.2455711364746
345.7665824890137
427.02319717407227
203.42768096923828
113.90066909790039
75.34233474731445
45.25055694580078
25.204315185546875
194.49070358276367
114.75763702392578
72.66320037841797
49.32326889038086
33.0248908996582
81.66883850097656
440.1584281921387
602.7257270812988
275.2858123779297
389.7404327392578
228.17308044433594
275.3351631164551
470.3820991516113
264.61766815185547
270.1237602233887
235.78303909301758
207.94983673095703
164.2961769104004
104.48296356201172
92.8188591003418
96.88222885131836
72.11263275146484
73.97074508666992
95.75287628173828
50.37956237792969
50.80781936645508
52.73353576660156
32.86469268798828
14.787773132324219
26.590747833251953
14.50897216796875
22.067920684814453
17.428199768066406
15.553443908691406
16.96367645263672
20.03519058227539
16.74805450439453
11.371429443359375
15.760860443115234
20.860408782958984
16.123767852783203
20.37771224975586
9.03757095336914
14.360702514648438
11.796890258789062
8.482757568359375
11.819377899169922
10.682342529296875
15.455707550048828
15.558822631835938
22.015640258789062
11.800765991210938
15.461738586425781
18.132205963134766
18.792949676513672
16.302223205566406
23.985919952392578
26.835025787353516
13.699993133544922
23.282485961914062
17.490821838378906
24.677616119384766
18.425094604492188
14.984882354736328
15.547344207763672
14.289897918701172
17.723438262939453
16.02389907836914
8.266910552978516
10.146926879882812
12.375801086425781
17.899845123291016
18.53998565673828
15.742908477783203
9.06241226196289
20.70746612548828
8.384296417236328
15.343685150146484
15.786201477050781
15.597293853759766
17.73155975341797
15.681266784667969
11.872135162353516
17.064926147460938
10.71881103515625
15.576156616210938
12.793804168701172
15.512741088867188
17.882030487060547
16.42474365234375
18.488746643066406
10.896347045898438
15.072643280029297
10.229534149169922
15.283302307128906
17.16718292236328
17.123863220214844
13.697635650634766
13.678520202636719
16.689022064208984
14.732608795166016
10.686908721923828
17.159412384033203
13.357597351074219
5.465576171875
