4.025493621826172
1.5421409606933594
1.1096382141113281
1.0697860717773438
0.9918403625488281
1.0456466674804688
1.0234184265136719
1.0057487487792969
1.0283012390136719
1.0611381530761719
0.677001953125
0.018398284912109375
0.015132904052734375
0.0169830322265625
0.0177459716796875
0.014850616455078125
0.0150146484375
0.015590667724609375
0.01621246337890625
0.01622772216796875
0.016498565673828125
0.014415740966796875
0.01674652099609375
0.016819000244140625
0.016323089599609375
0.01381683349609375
0.01737213134765625
0.07710647583007812
1459.1790924072266
1158.957820892334
1854.0960388183594
2126.480899810791
4437.004051208496
5927.7205238342285
6227.826625823975
4430.001441955566
7201.606143951416
3599.8674392700195
2120.6422996520996
790.5990905761719
1893.3504333496094
35714.531005859375
38472.02040100098
37327.782039642334
22539.127407073975
22433.471462249756
17317.471031188965
983.5051536560059
669.0297698974609
1368.3255348205566
7909.707878112793
11683.764678955078
4472.546314239502
3213.340774536133
2529.2921295166016
1596.7537384033203
270.50904083251953
57.74772644042969
42.94097900390625
85.57371520996094
668.5237731933594
616.8065948486328
400.2240905761719
305.3894729614258
459.36645126342773
918.8034057617188
1886.835823059082
1931.2248649597168
2125.3122901916504
2767.5952186584473
3400.3438148498535
937.7002258300781
259.91448974609375
387.26272201538086
726.366039276123
817.825309753418
801.800220489502
3660.87508392334
12628.063293457031
9600.00534439087
6024.6202392578125
871.5640907287598
990.7695732116699
10427.345012664795
15112.558391571045
15048.154346466064
10694.821376800537
7065.140727996826
6891.596698760986
5746.0850830078125
4040.8026847839355
2684.246940612793
1954.6472129821777
1619.1122131347656
4197.560375213623
9174.024326324463
11011.272857666016
9796.066436767578
9001.125736236572
7840.093574523926
8279.293403625488
6692.60827255249
4229.992588043213
3235.706230163574
960.5178756713867
149.8233528137207
50.306663513183594
31.009132385253906
23.93880844116211
30.38623809814453
24.25347900390625
16.517589569091797
24.218082427978516
16.29241943359375
20.351295471191406
347.5660858154297
1171.6953048706055
111.1638298034668
49.41420364379883
40.774986267089844
28.33694839477539
41.65675735473633
38.85319137573242
51.539432525634766
64.45470428466797
80.98287963867188
98.63753128051758
85.93083953857422
67.41917037963867
80.81949996948242
78.19489669799805
42.36332702636719
30.54355239868164
27.987102508544922
23.163692474365234
26.368698120117188
17.344970703125
19.68319320678711
22.255859375
18.212947845458984
24.13656997680664
16.054229736328125
25.264392852783203
23.184032440185547
22.293617248535156
25.14105224609375
14.948822021484375
20.140594482421875
24.029109954833984
20.22156524658203
22.776634216308594
16.959980010986328
22.219539642333984
22.809612274169922
26.066776275634766
44.166481018066406
114.25268936157227
221.3337287902832
375.52248764038086
1185.9507217407227
1881.3078269958496
5460.615634918213
39028.89929962158
50481.770458221436
28624.899257659912
1465.5623054504395
464.33153533935547
194.46752548217773
171.7591552734375
458.4882507324219
4241.546230316162
7418.167491912842
13017.557094573975
8575.516216278076
511.7020721435547
400.9589042663574
1714.4453201293945
5624.514400482178
1119.484462738037
1822.4834671020508
1292.2329597473145
7417.984512329102
1829.9138488769531
27442.32384109497
90518.15826797485
60699.21260070801
77164.01667785645
42211.298263549805
13794.834377288818
23509.40431213379
8750.051704406738
5963.9670753479
2854.496139526367
1995.5745849609375
150.22063064575195
172.52190780639648
76.40549087524414
29.99957275390625
45.863990783691406
25.20452880859375
22.66619110107422
25.69040298461914
17.62655258178711
25.69489288330078
22.005496978759766
21.05577850341797
20.61874771118164
22.715133666992188
13.836803436279297
26.174434661865234
21.51201629638672
10.974006652832031
