14.627872467041016
17.86933135986328
3.6611785888671875
6.256595611572266
11.002002716064453
9.053253173828125
8.479011535644531
2.2787399291992188
2.063251495361328
1.5805740356445312
2.851734161376953
2.4116287231445312
1.528839111328125
1.5080833435058594
2.9645233154296875
1.5846214294433594
1.6015243530273438
2.8608474731445312
4.1785125732421875
10.110931396484375
3.3806915283203125
1.7566604614257812
2.2478790283203125
12.071483612060547
148.97802352905273
8007.221096038818
25381.130661010742
32543.42502975464
33905.91107559204
38944.87783432007
67301.02973175049
71605.55299377441
70742.15688705444
56532.738147735596
31183.831382751465
7379.520282745361
1828.6621627807617
1384.280029296875
1066.32710647583
482.9981994628906
2103.7693252563477
23692.815784454346
37390.48830795288
27908.249095916748
29782.790756225586
36138.68649291992
22494.39906692505
24944.125396728516
17392.22105407715
11461.974712371826
1826.3947257995605
389.59745025634766
182.76692581176758
503.6322784423828
357.9509925842285
373.9208984375
101.71737289428711
6440.654640197754
22280.626991271973
15199.651504516602
9735.605209350586
11362.131607055664
8006.99609375
5502.426628112793
5317.162788391113
6336.105358123779
3787.190818786621
762.4882202148438
138.53214645385742
167.3680648803711
3393.5326805114746
10539.111198425293
21430.27290725708
19996.734546661377
22253.65209197998
16807.160243988037
20584.18754196167
25316.711345672607
8261.033420562744
1592.4463539123535
532.1646614074707
297.4081001281738
74.48884201049805
104.16394805908203
2597.9589614868164
19990.221630096436
15121.808475494385
11029.736541748047
12126.873180389404
24998.814559936523
32796.769874572754
33428.21128463745
21323.907787322998
2956.873104095459
680.218620300293
833.9570808410645
1497.4288330078125
1809.5787773132324
16023.218727111816
19794.416954040527
20613.729080200195
12358.675579071045
11256.5258102417
16499.575534820557
20573.04111480713
27140.264041900635
24354.39476776123
10945.632835388184
6114.5573806762695
9344.31075668335
8017.391361236572
10482.191547393799
12783.91403579712
13258.970565795898
12928.047271728516
15423.318843841553
5551.554740905762
1078.8844146728516
748.4056434631348
826.7139167785645
1572.712661743164
2502.7424240112305
2562.798873901367
3342.431324005127
5608.679393768311
5575.186622619629
7015.453475952148
7906.98237991333
3669.256435394287
1905.0388679504395
249.92926788330078
137.38255310058594
88.99327850341797
65.61531829833984
502.3120994567871
3183.865306854248
3208.173397064209
3629.957736968994
3061.451145172119
1118.9986419677734
257.890682220459
81.42291641235352
63.091278076171875
19.96007537841797
18.68215560913086
8809.97713470459
22819.809246063232
12921.834091186523
16482.710330963135
18998.124752044678
29005.92543029785
7941.548671722412
5843.412975311279
4929.33797454834
1064.824504852295
127.69880676269531
77.75692749023438
104.12722778320312
35.61069869995117
26.946834564208984
7.578044891357422
5.638393402099609
3.5281829833984375
3.5746002197265625
3.5087013244628906
2.4331436157226562
2.633594512939453
1.5678634643554688
1.5749778747558594
3.5096054077148438
2.311248779296875
3.125499725341797
2.936046600341797
3.6592025756835938
3.0025253295898438
2.8674468994140625
1.6170692443847656
3.3145179748535156
2.654022216796875
1.4762954711914062
2.9709014892578125
3.9318771362304688
1.3577423095703125
1.395355224609375
2.6679000854492188
2.353363037109375
4.073017120361328
3.9043197631835938
4.976432800292969
4.867916107177734
4.696380615234375
