94.94829559326172
99.13759994506836
85.58441543579102
77.61860275268555
105.44066619873047
96.89189910888672
57.18452835083008
79.3251838684082
76.09069442749023
86.79281616210938
116.21641540527344
59.32902908325195
89.44984817504883
48.85419464111328
84.36844635009766
49.178070068359375
46.629844665527344
95.74411392211914
81.6394157409668
94.29268646240234
88.93416595458984
84.68465423583984
143.82574844360352
79.52780151367188
62.12902069091797
119.28092193603516
67.60213088989258
95.39048767089844
84.65780258178711
61.313411712646484
83.4206771850586
59.862762451171875
56.60868835449219
72.71899795532227
62.458980560302734
64.54705047607422
52.41709899902344
63.92115783691406
61.53257369995117
38.753849029541016
76.18074417114258
43.6391487121582
62.90803527832031
47.11610794067383
49.59235763549805
90.07753372192383
86.91699981689453
71.13020706176758
115.44747543334961
117.61369323730469
60.990516662597656
60.0025520324707
52.475074768066406
66.41485595703125
61.60662841796875
42.53324890136719
51.403987884521484
56.84550094604492
319.51319122314453
1486.8510208129883
5053.300163269043
13432.020950317383
55496.119888305664
157597.8116455078
108166.46947860718
51828.38469314575
34466.969802856445
36567.44261550903
72121.86360549927
68061.77041244507
74350.41335296631
79145.54483795166
54164.01958847046
38761.473041534424
7234.80094909668
3344.349784851074
1297.9156494140625
702.2719573974609
806.1513023376465
1786.021900177002
3238.431179046631
7468.075302124023
11639.473392486572
28765.194564819336
27085.740016937256
39690.02149581909
20760.578330993652
26072.976291656494
21894.186069488525
25864.47829437256
17355.802906036377
4690.886878967285
532.5927925109863
216.66182327270508
269.3478775024414
163.7953109741211
231.51346588134766
291.05371856689453
334.63681411743164
373.4813766479492
149.74501037597656
4811.945484161377
22933.0509223938
25308.409824371338
20623.939208984375
17494.313987731934
13456.141059875488
12406.094161987305
10133.05460357666
9411.590728759766
15090.2451171875
15553.961456298828
5057.347850799561
2091.145896911621
7603.616542816162
15228.192970275879
52368.981410980225
49352.701557159424
67023.80390548706
56182.43788146973
23433.454975128174
18989.532371520996
5125.045959472656
1373.0458641052246
585.3153190612793
608.0102500915527
795.2894744873047
444.4569625854492
900.2913131713867
11873.307918548584
19379.883708953857
18444.399253845215
22283.060276031494
30267.25213241577
35811.58041381836
41160.36338806152
27850.132736206055
51719.19058227539
73110.31524276733
97461.18895721436
90590.42766189575
69358.02439498901
84375.4441947937
114926.81608200073
45994.113399505615
18499.248790740967
6986.288333892822
1412.8584747314453
448.13972091674805
616.3084869384766
469.2635841369629
573.0180206298828
396.7488098144531
315.3883514404297
1268.0584106445312
10215.041511535645
33759.25817871094
62467.04328536987
68617.4966583252
57114.392097473145
72692.7188911438
31407.933685302734
13430.54150390625
17741.586112976074
20987.051387786865
14783.892177581787
4754.827236175537
3240.2374114990234
1163.1300659179688
1017.6854019165039
954.1331176757812
2323.066234588623
5997.207168579102
16264.925765991211
35658.36901092529
59602.901458740234
80112.2423248291
76116.15838623047
74539.63550567627
62522.06719207764
48315.90283203125
46685.25341415405
12759.148490905762
4173.4247398376465
926.6803207397461
295.0919189453125
271.13891983032227
141.9868278503418
133.0055046081543
115.17052459716797
85.06843566894531
87.55335235595703
64.9949836730957
54.750526428222656
73.04290008544922
86.03889846801758
100.93426895141602
91.8601188659668
47.92230224609375
54.30299758911133
42.72344970703125
54.91764450073242
48.43629837036133
45.110469818115234
65.66437149047852
57.54487228393555
29.33783721923828
24.518020629882812
24.356266021728516
25.41382598876953
28.987079620361328
60.47352600097656
82.66409683227539
64.80324172973633
31.84494400024414
39.9539680480957
