0.5882034301757812
0.6274871826171875
0.6239509582519531
0.7146034240722656
0.6191673278808594
0.731292724609375
0.6676177978515625
0.6165199279785156
0.6726036071777344
0.5994720458984375
0.6181259155273438
0.6044197082519531
0.5403709411621094
0.63861083984375
0.5449943542480469
0.5642814636230469
0.637908935546875
0.7097244262695312
0.7020034790039062
0.700103759765625
0.6112442016601562
0.6162147521972656
0.6785507202148438
0.6329078674316406
0.6472740173339844
0.5967140197753906
0.6860466003417969
0.6231880187988281
0.6259841918945312
0.64404296875
0.6472663879394531
0.6425514221191406
0.6375808715820312
0.6590843200683594
0.6524124145507812
0.6182670593261719
0.8128509521484375
0.6849250793457031
0.6608123779296875
0.6212539672851562
0.6509513854980469
0.7091712951660156
0.5852165222167969
0.6496696472167969
28.52960968017578
13.151874542236328
110.41967010498047
147.61906814575195
109.19881057739258
246.85288619995117
14264.229469299316
31948.258472442627
34427.37546157837
45429.32392883301
32342.281715393066
15029.675018310547
14044.575397491455
17015.544033050537
16270.582138061523
21278.70793914795
21045.123470306396
19655.60947418213
18233.915321350098
16443.082649230957
13944.29793548584
13840.162815093994
19469.676517486572
21135.972831726074
28657.19976043701
62807.87459564209
80559.92618560791
57946.00889587402
57408.293338775635
36264.76801300049
39059.589111328125
28135.34499359131
18527.115440368652
9145.680221557617
798.8549919128418
599.4975242614746
3325.189853668213
16592.64698791504
20015.508666992188
14064.5285987854
13082.0073928833
14550.270351409912
8489.695877075195
4689.603530883789
1146.1502723693848
198.2070541381836
78.38512802124023
210.01626205444336
839.2995796203613
570.1125297546387
2744.4058799743652
42200.52258300781
75856.81121063232
80660.01835632324
67848.59106826782
58895.996280670166
20758.194896697998
3167.804862976074
991.7773666381836
214.7145233154297
128.27888870239258
116.62788772583008
72.35526657104492
1864.071762084961
20746.727336883545
25609.940719604492
24388.32225036621
17732.61332321167
10632.113986968994
13723.882472991943
11909.21891784668
3704.7747230529785
295.70346450805664
362.72357177734375
6919.222991943359
19454.865921020508
35586.78197479248
34179.51984786987
17059.52421951294
3226.6497230529785
128.70205688476562
358.9819107055664
5901.357482910156
17803.69487762451
28339.472023010254
24452.62570953369
29798.286281585693
18423.53165435791
11574.21142578125
4970.872619628906
480.13677978515625
147.77849960327148
1029.9070930480957
18956.339595794678
24882.59845352173
21695.822898864746
15756.169731140137
14994.163772583008
14080.91658782959
9231.859554290771
8993.361709594727
7299.166339874268
11089.423740386963
12903.801876068115
23253.28395462036
22917.539428710938
23267.718326568604
31508.22692489624
52585.460540771484
74515.35217285156
75898.1131439209
48020.05237579346
28306.759006500244
9291.801582336426
1354.0895309448242
407.6177558898926
98.32127380371094
176.72293853759766
1116.2506561279297
1621.3853721618652
954.6282844543457
14592.473796844482
31150.551719665527
33483.20902633667
32699.573879241943
22449.640560150146
7444.3334884643555
4845.897254943848
4342.645652770996
7433.397365570068
16124.245384216309
32988.043994903564
20490.011478424072
26257.910556793213
24182.183708190918
17575.574714660645
13533.037612915039
13794.575630187988
8938.204341888428
6706.696876525879
6989.7196044921875
4105.573272705078
2180.0800437927246
2060.333755493164
4100.495460510254
7141.991916656494
13852.750629425049
15908.454502105713
7462.764385223389
2378.488353729248
1273.120288848877
7271.2359619140625
51492.05392456055
76139.08340072632
41506.30330276489
32837.42435836792
25798.71603012085
9673.112079620361
1779.8396606445312
789.7082977294922
472.5175666809082
1972.5859336853027
20745.477905273438
25182.469757080078
22948.305465698242
27093.36362838745
17921.502201080322
15710.625003814697
7317.83971786499
4362.2355308532715
4121.375965118408
4196.12459564209
2566.224075317383
607.5812721252441
260.1944007873535
281.20132064819336
770.4459915161133
1885.8355560302734
3270.494655609131
4070.7737770080566
4323.107662200928
4600.509120941162
2044.9625091552734
859.068286895752
361.67536544799805
350.9535255432129
337.7451591491699
205.96569442749023
223.54956817626953
103.32146835327148
3741.6385917663574
7073.101280212402
10336.062423706055
11802.172466278076
9101.891788482666
7499.143695831299
3571.0995864868164
1294.441390991211
208.94300079345703
79.58777618408203
21.703460693359375
92.85046768188477
572.2268562316895
12596.830211639404
18645.114109039307
30266.30711364746
33416.94408035278
36322.35942840576
29572.936729431152
17796.841354370117
9068.279594421387
6337.51965713501
2131.2502937316895
282.98529052734375
238.83642959594727
295.0864944458008
125.86942291259766
75.10764694213867
653.740234375
2576.7183113098145
2060.997901916504
577.1741485595703
142.6063575744629
35.83772277832031
15.796234130859375
3871.42488861084
10192.300937652588
6358.630241394043
6363.0491943359375
6800.021545410156
11131.066902160645
17508.8677444458
14060.36877822876
5256.3456954956055
305.323486328125
58.05415725708008
283.39512634277344
2666.196506500244
212.86198043823242
246.65776443481445
215.73511123657227
678.7832298278809
3696.5656509399414
3975.9684715270996
4906.66130065918
2499.5605812072754
992.4536476135254
208.2024269104004
121.64363098144531
54.613624572753906
14.60501480102539
3.857341766357422
3.8745384216308594
2.241710662841797
2.1077346801757812
3.0203475952148438
2.2062606811523438
1.8927230834960938
2.2106895446777344
2.047760009765625
3.2905120849609375
3.735626220703125
6.711704254150391
5.5172882080078125
3.815185546875
6.233692169189453
3.989055633544922
3.4478988647460938
3.0031089782714844
2.5246009826660156
2.8947677612304688
2.8721771240234375
2.7454261779785156
2.924236297607422
2.5149879455566406
2.3691444396972656
2.0515403747558594
2.2029762268066406
2.1334571838378906
2.987171173095703
3.078472137451172
2.4611663818359375
1.2783889770507812
2.0502891540527344
1.82427978515625
2.204906463623047
2.0535240173339844
4.179050445556641
3.7502975463867188
9.035633087158203
3.787616729736328
2.8007774353027344
11.266548156738281
3.942363739013672
3.5668106079101562
3.6487350463867188
3.163848876953125
1.6689910888671875
1.3174667358398438
