3.2318878173828125
2.7114219665527344
2.0336341857910156
3.169780731201172
3.3600616455078125
3.8110694885253906
3.5773963928222656
3.8700942993164062
3.493938446044922
2.986419677734375
2.4723129272460938
2.398712158203125
3.4222030639648438
3.619037628173828
2.6517181396484375
3.320262908935547
3.0780487060546875
2.4669036865234375
4.262676239013672
3.1618576049804688
2.5182762145996094
2.5459022521972656
3.733966827392578
3.7988548278808594
2.612163543701172
2.85418701171875
30.506816864013672
2.695453643798828
3.3756561279296875
3.7471961975097656
3.0141639709472656
3.0990753173828125
2.4786224365234375
3.9443817138671875
3.902149200439453
6.911609649658203
7.492092132568359
7.4021453857421875
2.4563751220703125
3.109874725341797
3.948558807373047
4.265438079833984
3.8889007568359375
4.074848175048828
3.9215011596679688
3.473674774169922
2.836894989013672
4.861595153808594
4.537620544433594
4.403736114501953
7.454345703125
3913.1028747558594
28288.062866210938
63862.55242538452
44221.00304031372
30652.46294403076
17770.840801239014
15233.791801452637
3549.2322540283203
975.2871246337891
1485.1588897705078
1372.2406539916992
1319.1596794128418
1412.0074043273926
854.316276550293
414.5458526611328
21178.14167022705
63699.606647491455
49193.67977142334
66603.78182983398
43158.01990890503
6403.413276672363
423.6801986694336
46.27225875854492
171.53731536865234
320.9569549560547
564.6458892822266
464.6548614501953
525.6847991943359
11934.46057510376
50062.66513442993
56802.2359046936
32727.815689086914
29600.553512573242
9497.663543701172
6084.452728271484
3240.8837356567383
1506.9761962890625
341.8554344177246
247.18187713623047
115.58213424682617
54.563236236572266
541.0052261352539
879.4350967407227
464.9661331176758
877.3476676940918
1304.70943069458
663.088005065918
1047.3612976074219
405.9571075439453
170.00926208496094
6362.993701934814
7548.406532287598
5894.780086517334
8968.373737335205
9145.020961761475
6759.442356109619
6599.470428466797
3978.5590057373047
3076.1917610168457
2841.5774269104004
2014.3147773742676
1625.1239051818848
640.28466796875
35.04316329956055
1772.5885047912598
913.6003570556641
30369.057376861572
67844.62641906738
79130.95963287354
45883.81386566162
19597.131202697754
14899.654090881348
1154.705825805664
1326.113437652588
1037.0939636230469
2429.2134284973145
9.112213134765625
7.459453582763672
11.80935287475586
8.677410125732422
3.030731201171875
3.018688201904297
1.9376029968261719
2.6379165649414062
2.1091766357421875
2.1136131286621094
1.5200920104980469
2.9356422424316406
3.467151641845703
6.022457122802734
6.918735504150391
7.035926818847656
6.7588653564453125
5.422519683837891
4.866550445556641
2.8875389099121094
3.4256210327148438
2.567169189453125
2.3171234130859375
2.801593780517578
2.4206886291503906
2.5006027221679688
2.119476318359375
2.7359848022460938
2.1852378845214844
2.4824180603027344
2.2275466918945312
148.86088943481445
3983.547004699707
28830.635429382324
25900.10488128662
15334.108348846436
3169.278163909912
2260.255527496338
1236.5758628845215
1114.4904823303223
939.4535255432129
695.9664154052734
536.3565521240234
228.73533248901367
463.24464416503906
1961.3096961975098
2155.1331100463867
3052.2474517822266
2475.4774627685547
1661.7612190246582
568.1783981323242
2283.8315391540527
10428.251419067383
11827.320125579834
7231.462219238281
4561.451766967773
3233.1515731811523
2323.8889236450195
1891.725254058838
1047.8816223144531
449.4770965576172
326.6418647766113
580.3618583679199
1005.4027671813965
1312.7228469848633
883.201343536377
1179.9365882873535
407.4193229675293
2410.292423248291
7434.993179321289
5478.878154754639
1728.2412338256836
12.030994415283203
7.452510833740234
415.00454330444336
197.04573822021484
784.3533325195312
1329.4364051818848
1412.3854522705078
21485.14004135132
13308.264663696289
21066.515506744385
2467.3140449523926
167.15141677856445
34.85224533081055
1160.2381973266602
12906.394466400146
7166.340995788574
6305.1368408203125
2805.342674255371
2542.0619201660156
624.9306335449219
653.1245040893555
654.9464378356934
1526.9519882202148
3217.169101715088
5620.128616333008
4263.290538787842
326.14915466308594
12.42037582397461
5.065425872802734
685.5317115783691
162.1744842529297
3995.167724609375
3216.8251609802246
812.0215072631836
339.417179107666
123.46642684936523
66.43206024169922
75.33168029785156
8.127937316894531
2.8019447326660156
2.5540313720703125
2.2139511108398438
79.57223892211914
1864.7071380615234
3983.0002822875977
1187.6936683654785
812.1157379150391
491.6686782836914
121.39657592773438
530.121711730957
2605.867931365967
2102.7697792053223
1544.816551208496
1746.420696258545
713.3012580871582
367.2551918029785
135.1380271911621
202.98407363891602
1083.911262512207
1709.425033569336
1422.5808296203613
1102.1577262878418
654.4612731933594
7571.685562133789
9657.24104309082
1458.5819931030273
637.3433723449707
210.2898941040039
60.71912384033203
34.30982971191406
3.488475799560547
2.7573165893554688
2.9052352905273438
2.2744102478027344
2.0990829467773438
2.4800071716308594
2.2360000610351562
2.3480758666992188
2.5448951721191406
1.8963127136230469
1.8120307922363281
1.8809623718261719
1.6217308044433594
2.0432052612304688
2.058246612548828
1.930633544921875
1.7229080200195312
3.1402244567871094
2.3377761840820312
2.3005218505859375
2.6013145446777344
2.1603240966796875
1.9552650451660156
2.564453125
1.6074371337890625
2.8442306518554688
1.9002113342285156
2.7499465942382812
1.5509529113769531
1.6383934020996094
2.2537765502929688
1.9134292602539062
1.9430885314941406
2.5854644775390625
2.6475601196289062
2.5648117065429688
2.7661361694335938
1.7340927124023438
2.1693496704101562
2.3155670166015625
1.6434478759765625
1.7611885070800781
2.271251678466797
1.9728317260742188
2.280773162841797
2.029338836669922
1.8033370971679688
2.57806396484375
2.0677261352539062
2.3777542114257812
2.616260528564453
2.5060768127441406
1.9600334167480469
2.171833038330078
2.0238075256347656
2.3880767822265625
2.753650665283203
2.607685089111328
2.1313629150390625
