9.91379165649414
11.585979461669922
5.769283294677734
9.406063079833984
7.832019805908203
12.445350646972656
5.896091461181641
11.956710815429688
9.562522888183594
49.8399772644043
8.923763275146484
9.972496032714844
7.8910675048828125
20.242271423339844
41.50593566894531
19.190406799316406
26.99886703491211
29.674163818359375
65.61647415161133
61.2027587890625
133.99156188964844
117.92829132080078
78.34708786010742
43.47092819213867
13.164112091064453
10.042915344238281
11.650959014892578
9.895999908447266
856.4996490478516
9452.451847076416
22985.423221588135
34706.274227142334
30546.881156921387
39750.233615875244
39578.682678222656
31923.58447265625
37501.50241851807
30499.93627166748
39516.84135437012
28079.701065063477
20203.755001068115
31744.741584777832
35839.24494934082
29552.333877563477
39242.68290710449
36659.78296661377
30200.496997833252
28224.85527420044
13654.328731536865
12578.268337249756
10252.150283813477
3538.213966369629
487.2181587219238
179.90219116210938
89.0433464050293
90.81586456298828
90.7320671081543
23674.364196777344
48022.11232757568
40676.953342437744
19234.371940612793
11441.983562469482
12371.280799865723
13751.304126739502
8381.342582702637
5981.40100479126
2765.117156982422
454.98272705078125
533.2737197875977
10784.52014541626
11020.479286193848
5846.313446044922
1359.7113075256348
179.45412063598633
77.1114730834961
78.99985885620117
95.09791946411133
25412.44395828247
32518.421058654785
53841.23872375488
62890.87544631958
51646.00775909424
43318.06990432739
36411.911628723145
12700.52893447876
2807.324565887451
1414.865867614746
263.3673286437988
114.11221313476562
106.28382873535156
96.29189682006836
84.48491668701172
78.2262191772461
3381.881092071533
6263.779136657715
5840.466678619385
2542.5357971191406
1098.8234367370605
1171.8759727478027
298.4597816467285
479.96059799194336
388.68090438842773
188.07288360595703
374.65522384643555
541.9783020019531
829.1767883300781
119.68055725097656
112.41132354736328
41.04255676269531
34.960670471191406
125.91830825805664
803.6014823913574
11235.773853302002
16218.027111053467
11549.795066833496
5962.123908996582
8274.340488433838
8517.817440032959
9732.567268371582
11054.8832321167
10834.688461303711
8038.215896606445
3917.917881011963
756.042552947998
323.4670639038086
220.16922760009766
199.34518432617188
6844.486946105957
7934.872833251953
7703.494026184082
4922.337383270264
3778.877597808838
1678.370994567871
1110.4358940124512
866.0333442687988
350.7031593322754
349.91060638427734
2142.7757415771484
4173.9085121154785
2739.471466064453
1909.2345123291016
2135.4294357299805
1488.1067352294922
458.21577072143555
34.6654167175293
79.36540222167969
43.58744430541992
313.7986373901367
292.359188079834
1265.3154335021973
8168.273368835449
26385.19603729248
21852.50804901123
12881.845420837402
7920.853927612305
7420.223201751709
4941.007030487061
5451.919567108154
4151.478126525879
1510.2688789367676
672.8307685852051
204.51455688476562
30.6024169921875
19.395484924316406
16.614547729492188
13.868606567382812
12.91256332397461
15.898056030273438
13.869941711425781
10.112682342529297
11.119647979736328
10.413753509521484
8.838451385498047
7.825283050537109
9.749679565429688
8.446968078613281
10.283710479736328
8.291122436523438
8.286880493164062
9.073585510253906
9.675788879394531
10.562885284423828
7.058734893798828
10.61520767211914
7.772335052490234
11.528648376464844
9.596012115478516
5.2317962646484375
